32
39
88
59
162
111
118
77
143
20
19
170
71
53
78
23
47
60
41
41
117
94
56
149
88
189
43
38
154
20
62
90
26
57
100
93
31
84
51
97
63
20
52
127
68
23
70
71
84
49
122
72
29
25
89
20
45
85
35
101
57
24
81
62
135
82
42
25
48
86
35
26
41
92
79
59
19
75
49
27
78
23
41
146
62
64
53
87
57
197
71
46
71
45
105
144
86
28
23
41
169
107
187
100
71
89
25
23
67
60
39
46
55
29
60
167
23
182
57
78
96
77
85
19
69
154
40
46
46
19
51
23
56
48
45
51
33
37
84
131
34
30
90
67
52
88
22
88
49
71
151
120
44
149
18
91
133
55
30
99
69
59
133
33
40
22
55
60
32
77
63
65
54
137
81
40
33
75
70
49
23
52
93
42
47
31
83
59
53
35
131
18
80
149
55
26
60
113
138
68
98
20
36
148
82
68
128
61
33
46
18
109
88
21
166
64
31
50
101
35
23
91
19
113
51
26
20
188
84
82
31
46
26
143
146
165
34
104
18
29
46
51
102
44
19
72
33
54
30
97
112
117
37
69
70
23
36
75
97
18
99
68
62
36
62
60
44
68
22
23
53
61
24
25
50
88
49
99
53
21
62
49
53
19
50
49
164
98
99
50
198
78
45
52
130
27
106
96
125
134
30
22
71
44
21
42
70
76
125
112
110
64
77
45
86
50
118
48
77
35
35
149
53
35
37
72
91
52
99
24
81
33
160
127
47
57
59
34
23
26
93
71
87
99
44
80
76
38
94
53
38
82
48
44
89
82
84
86
57
70
31
78
89
70
140
94
58
87
96
79
35
98
93
92
46
97
23
22
36
30
25
76
21
74
20
19
36
23
86
100
90
88
82
74
176
135
58
84
83
20
74
71
69
136
92
51
64
72
46
29
46
70
79
45
39
189
93
157
164
155
67
42
49
54
93
32
23
24
21
21
112
26
43
26
24
20
23
23
90
62
54
29
35
35
98
46
73
77
149
165
129
104
58
34
78
29
47
63
89
26
26
22
54
46
51
55
20
44
79
69
150
37
43
32
30
38
55
32
57
48
66
25
48
29
113
42
40
55
126
109
28
58
134
127
37
70
36
30
69
93
28
27
67
72
70
65
57
40
34
67
34
63
56
61
72
23
79
178
35
60
140
36
31
52
30
21
84
60
30
39
52
39
100
69
110
26
61
76
92
71
186
56
101
69
21
32
31
71
21
58
61
34
24
170
148
89
56
70
22
53
25
70
122
21
37
61
54
32
39
74
82
50
69
19
31
61
139
41
89
24
135
26
149
42
113
98
78
98
62
101
168
34
88
25
185
187
20
48
63
81
41
45
93
52
76
91
158
46
24
21
70
70
53
124
90
84
63
53
34
21
57
57
199
73
63
25
94
85
95
73
20
33
105
55
44
47
32
44
18
26
40
49
36
59
70
52
84
143
70
54
170
27
97
50
35
34
50
66
21
92
114
77
65
20
21
43
187
110
26
46
41
112
59
95
44
87
26
182
57
60
95
74
47
125
33
128
47
56
86
69
96
31
46
76
91
157
79
18




















































































































































































































































































































































































































































































































































































































































































































































































































































































































































































































































































































































































































































































































































































































































