6250.20
6191.90
18182.20
13965.20
30559.70
29935.50
26067.00
21381.00
28493.60
3111.60
3644.00
41469.00
3813.20
10176.60
17066.30
5868.30
8759.10
4493.00
9089.00
11377.40
24453.80
11058.30
6989.70
30632.40
8843.10
27132.40
10362.70
8388.10
34490.80
5315.40
12651.20
8377.40
3305.90
11658.70
17618.30
21057.30
6755.80
14009.50
8036.40
27374.00
7608.10
4890.50
7918.40
19578.10
10206.80
2840.60
9349.20
9249.10
24948.00
5546.10
32329.30
21742.90
2749.50
7628.40
14526.00
4125.20
2895.90
14721.90
3788.30
30026.70
12267.30
8133.90
16105.90
10226.50
15234.40
10659.80
6316.60
5613.80
4593.20
6749.90
7515.50
2203.50
8067.50
16499.50
7171.10
5071.90
5770.30
17628.70
9831.20
5000.80
5175.50
5721.80
9881.60
21200.60
8882.10
11076.40
10444.00
8417.00
8965.50
47649.10
17317.40
11287.20
19721.40
10604.60
22203.30
21159.60
14690.30
4448.10
4601.50
7605.60
40777.60
28091.80
36755.70
15648.80
18992.60
12799.30
4015.30
6033.00
8809.80
10367.10
4708.00
12686.40
5285.40
3271.50
4188.00
25518.00
3281.80
39067.70
8764.00
18966.70
5239.60
13324.10
14987.00
3421.70
11517.10
37941.60
6971.60
12270.10
4781.90
1800.70
4279.20
4497.40
4470.30
15759.50
7185.90
9166.30
7131.00
10320.10
25018.60
23768.50
9710.20
7028.40
15906.10
9158.80
8869.50
17917.70
3393.60
7446.40
5808.60
14926.30
31322.10
22997.60
9443.70
28346.20
6200.10
16762.90
20959.30
7219.30
6252.10
9047.70
5387.10
13657.80
21984.20
6311.10
7310.90
4924.60
9568.60
13701.20
9196.60
17872.70
22624.50
11890.20
11940.90
18729.90
18309.10
10636.40
4267.50
16621.90
4860.90
10758.30
7379.50
5596.60
18837.10
4633.60
8246.70
5219.80
17791.00
8118.40
8328.30
5350.90
15125.30
2183.60
9659.10
17511.40
5552.20
5184.10
14031.50
14253.60
19106.80
9152.60
13571.30
2622.70
6808.20
24469.90
7342.80
9733.20
21007.70
5685.90
7636.90
11579.00
2009.40
16492.30
8585.20
4820.60
23277.00
9887.80
6718.90
6053.20
9698.90
5881.80
5305.30
14248.60
3165.90
22322.50
6439.90
4721.90
3591.60
44471.50
8051.30
15794.90
5163.70
17952.00
3573.40
36361.50
27020.00
32236.40
7183.90
22490.80
3780.20
3437.40
5195.60
12515.70
11293.70
13051.30
4068.50
17375.60
2116.60
8939.70
3569.20
22252.30
13065.00
23445.80
7077.20
17880.20
10252.70
5621.00
6313.90
14135.10
10600.90
6133.10
10125.20
13695.70
7923.20
4312.90
5724.20
15912.90
11045.50
14973.00
2868.60
5074.60
12623.50
6827.50
4723.80
3721.70
11692.60
10291.40
9444.70
23549.30
13046.30
3250.80
18323.40
8019.70
6480.40
4514.00
7590.60
3809.80
28430.20
13757.90
14227.70
9617.70
25763.90
20326.50
5232.30
10153.10
21874.80
5237.40
12580.00
5577.00
34990.20
12008.50
10213.00
4055.40
16548.00
7502.00
4638.50
8479.50
17360.70
22829.40
31561.10
9893.00
12977.90
9090.80
17297.70
7701.70
7248.40
9944.20
21702.50
12081.80
17519.70
4231.60
5274.00
30686.40
11456.40
6220.50
6138.80
10655.70
16625.20
16003.90
21556.20
7036.70
10983.00
12145.70
22625.00
28667.70
7569.00
10686.50
19588.60
8755.70
3564.40
3485.20
13609.70
11234.60
16441.60
21173.30
16183.80
12791.60
14941.10
7651.80
9340.40
12638.50
4704.10
17081.90
11921.00
4830.00
14199.70
9633.90
19342.10
26334.80
3090.50
9137.80
2273.70
16539.00
9244.80
5058.90
20287.10
14113.10
10643.50
17129.60
22311.70
14629.60
7377.60
8182.40
10376.40
9829.20
9098.40
21015.40
5879.00
4183.20
4399.60
6169.00
2766.70
19490.00
1447.50
15611.80
4576.70
3018.90
7734.70
5408.90
18530.00
9224.50
12454.00
12293.10
9296.40
13286.80
26011.20
17619.70
14454.20
10282.00
14342.50
8212.80
13704.10
9622.80
14702.80
29086.10
22758.40
12532.30
11679.50
20699.50
4205.80
7973.80
5893.20
13212.40
16027.70
10028.80
10652.60
21799.20
7794.10
32386.70
28433.60
13788.10
9867.60
5189.40
15888.30
15716.80
9694.40
4720.60
5921.00
2039.50
5704.60
3532.60
26637.50
10738.20
8596.90
7459.70
4946.60
3785.30
2859.40
4503.10
5364.20
6419.10
4058.00
3899.50
9323.20
10300.90
10173.20
10047.00
9693.10
9756.50
23525.70
34265.80
19527.20
18104.20
10744.30
2337.40
11736.80
5251.70
12137.20
12269.30
13859.40
2327.20
6280.80
4853.70
5895.30
8403.70
11612.80
6727.30
7195.30
3942.00
8068.60
11275.40
16880.00
5338.00
10823.60
3153.40
2133.60
8817.00
9493.10
3904.10
4765.90
6023.30
19722.90
3812.30
10632.30
6422.70
19092.00
3584.10
7716.30
3867.20
23796.70
17206.70
1361.40
3796.70
30155.30
25055.00
5355.20
14227.30
9056.20
7662.30
13254.40
9613.90
2967.80
8780.00
6070.20
10112.30
4302.60
10770.20
9059.20
9435.80
5005.80
15186.40
3113.70
10209.40
20626.20
13375.50
14862.00
8600.50
17161.50
33072.50
4860.70
10612.70
19167.20
6341.80
10167.30
6150.80
3919.90
7105.50
15817.50
17778.60
4802.30
8366.60
10100.60
7532.30
25864.50
6594.80
27605.40
3733.20
8386.10
17515.10
20904.50
17341.00
42775.20
6915.20
31277.80
16116.90
2766.80
12222.70
7140.20
6435.80
7422.30
5280.40
14111.30
4267.20
3411.40
31340.20
21823.80
9834.70
12395.10
16710.60
4968.70
6244.50
7368.60
6895.30
28627.50
2878.50
5992.30
13352.70
6864.70
9070.40
10575.60
19444.90
23035.30
13663.10
10733.30
6466.50
3061.10
12554.70
25571.00
12977.10
17902.30
3761.30
35396.70
3772.30
27702.00
3514.40
15997.80
25222.30
17284.90
12806.20
8004.00
16990.50
23956.20
8097.40
20984.30
5948.40
38514.80
26176.90
4672.10
9346.20
17688.10
15765.90
13568.90
8479.20
14584.50
9763.70
7040.60
19992.40
37194.00
4135.30
4035.30
3198.70
4224.50
13037.50
13664.10
15236.70
7965.40
10717.90
9947.00
10313.80
5796.00
7016.10
15421.60
8454.60
37995.80
17909.00
12110.60
8288.50
13324.80
6895.10
20915.10
18270.30
4597.60
7707.70
9492.40
14542.30
8678.70
8618.50
5714.00
15116.80
5702.70
5313.50
6788.20
10005.70
2360.50
6331.10
9083.10
4663.10
16283.20
24791.60
7636.00
3108.80
16392.90
5296.50
12392.20
6925.20
14396.00
4450.90
16587.60
5881.20
4657.30
11836.20
29098.00
15703.60
4818.40
2299.20
2854.60
5856.10
37698.80
11718.00
4159.50
5455.60
7508.90
21794.40
12535.20
26102.10
5394.90
18676.10
4471.30
28840.20
11789.60
6241.80
9675.10
12897.50
14466.50
23046.00
11087.10
27219.20
7474.30
13075.00
17757.60
13797.90
9659.50
5624.90
3146.70
25002.90
21990.70
40727.20
16086.20
3786.10
